# This file uses meters as units for non-parametric coordinates.

mtllib crown.mtl
g default
v -47.718204 19.420443 1.841116
v -46.673371 19.420443 -2.058118
v -46.026004 19.959018 0.204940
v -45.246254 16.727573 0.413899
v -45.246254 22.113313 0.413899
v -44.633464 -6.431103 0.893488
v -44.313661 19.959018 0.234830
v -44.239230 -6.431103 -0.577924
v -43.819033 19.420443 2.885917
v -43.700655 -7.508251 0.354913
v -43.700655 -5.353954 0.354913
v -43.162083 -6.431103 1.287752
v -43.033256 -20.909063 -0.000000
v -42.774201 19.420443 -1.013322
v -42.767845 -6.431103 -0.183660
v -42.665734 5.956102 4.732548
v -42.657006 -12.894003 -9.702627
v -42.657006 -12.894003 9.702627
v -42.641926 -22.113313 -0.000000
v -42.262771 -12.894003 8.231211
v -42.262771 -12.894003 -8.231211
v -42.118218 -21.511189 0.187540
v -42.054990 5.956102 -6.867509
v -42.008780 -20.164753 -0.000000
v -41.724196 -13.971150 9.164053
v -41.724196 -13.971150 -9.164053
v -41.724196 -11.816855 9.164053
v -41.724196 -11.816855 -9.164053
v -41.566935 -20.909063 11.137820
v -41.566935 -20.909063 -11.137820
v -41.385758 -21.511189 4.590569
v -41.375630 -22.113313 -0.000000
v -41.266517 5.956102 3.924686
v -41.188964 -22.113313 11.036568
v -41.188964 -22.113313 -11.036568
v -41.185621 -12.894003 -10.096885
v -41.185621 -12.894003 10.096885
v -40.984304 -20.909063 -0.000000
v -40.793433 -21.511189 -6.661483
v -40.791278 -12.894003 -8.625479
v -40.791278 -12.894003 8.625479
v -40.655773 5.956102 -6.059648
v -40.577357 -20.164753 10.872626
v -40.577357 -20.164753 -10.872626
v -40.551183 -21.511189 0.214891
v -40.419984 0.570359 14.008097
v -40.419984 0.570359 -14.008097
v -40.028550 -21.511189 3.806954
v -39.965860 -22.113313 10.708802
v -39.965860 -22.113313 -10.708802
v -39.802242 -8.552007 17.463266
v -39.802242 -8.552007 -17.463266
v -39.587888 -20.909063 10.607529
v -39.587888 -20.909063 -10.607529
v -39.566132 -9.123973 16.828610
v -39.566132 -9.123973 -16.828610
v -39.566132 -8.046825 16.828610
v -39.566132 -8.046825 -16.828610
v -39.551052 -8.552007 16.948173
v -39.551052 -8.552007 -16.948173
v -39.436120 -21.511189 -5.877869
v -39.419099 -8.961323 17.331314
v -39.419099 -8.961323 -17.331314
v -39.419099 -8.142691 17.331314
v -39.419099 -8.142691 -17.331314
v -39.287149 -8.552007 17.714456
v -39.287149 -8.552007 -17.714456
v -39.207333 -21.511189 13.587901
v -39.207333 -21.511189 -13.587901
v -39.035959 -8.552007 17.199363
v -39.035959 -8.552007 -17.199363
v -39.020771 0.570359 13.200235
v -39.020771 0.570359 -13.200235
v -38.638169 -4.674274 22.307740
v -38.638169 -4.674274 -22.307740
v -38.518174 -16.771736 19.874354
v -38.518174 -16.771736 -19.874354
v -38.488335 -4.674274 21.748592
v -38.488335 -4.674274 -21.748592
v -38.283676 -5.083590 -22.103081
v -38.283676 -4.264957 -22.103081
v -38.283676 -5.083590 22.103081
v -38.283676 -4.264957 22.103081
v -38.079021 -4.674274 22.457570
v -38.079021 -4.674274 -22.457570
v -38.021069 -9.503130 16.414662
v -38.021069 -9.503130 -16.414662
v -38.021069 -7.736606 16.414662
v -38.021069 -7.736606 -16.414662
v -38.003081 -16.124908 21.193107
v -38.003081 -16.124908 -21.193107
v -38.003081 -4.076995 21.193107
v -38.003081 -4.076995 -21.193107
v -37.929187 -4.674274 21.898423
v -37.929187 -4.674274 -21.898423
v -37.863912 -16.771736 21.860722
v -37.863912 -16.771736 -21.860722
v -37.863912 -16.125447 21.860722
v -37.863912 -16.125447 -21.860722
v -37.863912 -9.123973 21.860722
v -37.863912 -9.123973 -21.860722
v -37.863912 -8.046825 21.860722
v -37.863912 -8.046825 -21.860722
v -37.863912 -3.953662 21.860722
v -37.863912 -3.953662 -21.860722
v -37.850125 -21.511189 12.804276
v -37.850125 -21.511189 -12.804276
v -37.355284 -16.124908 22.315171
v -37.355284 -16.124908 -22.315171
v -37.355284 -4.076995 22.315171
v -37.355284 -4.076995 -22.315171
v -37.313492 -1.583936 21.542963
v -37.313492 -1.583936 -21.542963
v -37.267819 -20.909063 21.516574
v -37.267819 -20.909063 -21.516574
v -37.132961 -16.771736 19.074571
v -37.132961 -16.771736 -19.074571
v -36.928948 -22.113313 21.320963
v -36.928948 -22.113313 -21.320963
v -36.725797 -16.125447 20.206222
v -36.725797 -16.125447 -20.206222
v -36.725797 -3.738232 20.206222
v -36.725797 -3.738232 -20.206222
v -36.478592 -16.771736 21.060941
v -36.478592 -16.771736 -21.060941
v -36.478592 -16.125447 21.060941
v -36.478592 -16.125447 -21.060941
v -36.478592 -9.503130 21.060941
v -36.478592 -9.503130 -21.060941
v -36.478592 -7.736606 21.060941
v -36.478592 -7.736606 -21.060941
v -36.478592 -3.738232 21.060941
v -36.478592 -3.738232 -21.060941
v -36.470731 -16.771736 23.420541
v -36.470731 -16.771736 -23.420541
v -36.380682 -20.164753 21.004390
v -36.380682 -20.164753 -21.004390
v -36.194120 -21.511189 20.896675
v -36.194120 -21.511189 -20.896675
v -35.914275 -1.583936 20.735102
v -35.914275 -1.583936 -20.735102
v -35.862034 -16.125447 21.702381
v -35.862034 -16.125447 -21.702381
v -35.862034 -3.738232 21.702381
v -35.862034 -3.738232 -21.702381
v -35.832412 -22.113313 20.687815
v -35.832412 -22.113313 -20.687815
v -35.493540 -20.909063 20.492206
v -35.493540 -20.909063 -20.492206
v -35.378501 -8.552007 25.998156
v -35.378501 -8.552007 -25.998156
v -35.338109 -8.552007 25.420698
v -35.338109 -8.552007 -25.420698
v -35.085518 -16.771736 22.620758
v -35.085518 -16.771736 -22.620758
v -35.069576 -8.961323 25.729623
v -35.069576 -8.961323 -25.729623
v -35.069576 -8.142691 25.729623
v -35.069576 -8.142691 -25.729623
v -34.836804 -21.511189 20.113049
v -34.836804 -21.511189 -20.113049
v -34.801042 -8.552007 26.038442
v -34.801042 -8.552007 -26.038442
v -34.760651 -8.552007 25.461090
v -34.760651 -8.552007 -25.461090
v -34.357042 -9.123973 25.851017
v -34.357042 -9.123973 -25.851017
v -34.357042 -8.046825 25.851017
v -34.357042 -8.046825 -25.851017
v -33.226036 -9.503130 24.719904
v -33.226036 -9.503130 -24.719904
v -33.226036 -7.736606 24.719904
v -33.226036 -7.736606 -24.719904
v -32.341374 0.570359 28.000683
v -32.341374 0.570359 -28.000683
v -31.371080 -21.511189 27.160614
v -31.371080 -21.511189 -27.160614
v -30.942159 0.570359 27.192822
v -30.942159 0.570359 -27.192822
v -30.429113 -20.909063 30.429113
v -30.429113 -20.909063 -30.429113
v -30.152394 -22.113313 30.152394
v -30.152394 -22.113313 -30.152394
v -30.013872 -21.511189 26.376990
v -30.013872 -21.511189 -26.376990
v -29.731230 -12.894003 32.090721
v -29.731230 -12.894003 -32.090721
v -29.704732 -20.164753 29.704732
v -29.704732 -20.164753 -29.704732
v -29.336993 -12.894003 30.619338
v -29.336993 -12.894003 -30.619338
v -29.256960 -22.113313 29.256960
v -29.256960 -22.113313 -29.256960
v -28.980349 -20.909063 28.980349
v -28.980349 -20.909063 -28.980349
v -28.798418 -13.971150 -31.552148
v -28.798418 -11.816855 -31.552148
v -28.798418 -13.971150 31.552148
v -28.798418 -11.816855 31.552148
v -28.259845 -12.894003 32.484958
v -28.259845 -12.894003 -32.484958
v -27.865500 -12.894003 31.013573
v -27.865500 -12.894003 -31.013573
v -26.974915 5.956102 32.987018
v -26.165760 -21.511189 31.997334
v -25.575698 5.956102 32.179155
v -25.453550 19.420443 -40.404583
v -25.431362 5.956102 -34.583350
v -25.119096 19.420443 39.391311
v -24.808446 -21.511189 31.213708
v -24.668417 -21.511189 -33.545841
v -24.408716 19.420443 -36.505412
v -24.032145 5.956102 -33.775491
v -23.311211 -21.511189 -32.762217
v -23.090503 -6.431103 -38.206985
v -22.981494 16.727573 -38.977362
v -22.981494 22.113313 -38.977362
v -22.835541 19.959018 39.962196
v -22.835541 19.959018 -39.962196
v -22.696266 -6.431103 -36.735600
v -22.620112 -6.431103 38.023333
v -22.264654 16.727573 39.391311
v -22.264654 19.420443 42.245754
v -22.264654 19.420443 36.536868
v -22.264654 22.113313 39.391311
v -22.157691 -7.508251 -37.668410
v -22.157691 -5.353954 -37.668410
v -21.953465 19.959018 38.494154
v -21.902731 19.959018 -38.525822
v -21.619118 -6.431103 -38.601220
v -21.554273 19.420443 -41.449415
v -21.542963 -7.508251 38.023333
v -21.542963 -6.431103 39.100479
v -21.542963 -6.431103 36.946182
v -21.542963 -5.353954 38.023333
v -21.516574 -20.909063 37.267819
v -21.516574 -20.909063 -37.267819
v -21.320963 -22.113313 36.928948
v -21.320963 -22.113313 -36.928948
v -21.224881 -6.431103 -37.129835
v -21.004390 -20.164753 36.380682
v -21.004390 -20.164753 -36.380682
v -20.896675 -21.511189 36.569182
v -20.896675 -21.511189 -36.569182
v -20.687815 -22.113313 35.832412
v -20.687815 -22.113313 -35.832412
v -20.509547 19.420443 -37.550140
v -20.492206 -20.909063 35.493540
v -20.492206 -20.909063 -35.493540
v -20.465815 -6.431103 38.023333
v -20.089461 -21.511189 35.225762
v -20.043034 -21.511189 -35.254737
v -19.410211 19.420443 39.391311
v -17.234372 5.956102 39.315908
v -17.234372 5.956102 37.700187
v -16.717340 -21.511189 38.136430
v -16.717340 -21.511189 36.569182
v -15.080075 5.956102 -38.238762
v -15.080075 5.956102 -39.854483
v -14.627672 -21.511189 -37.091598
v -14.627672 -21.511189 -38.658850
v -14.002927 -12.894003 -40.716201
v -14.002927 -12.894003 40.716201
v -12.925778 -13.971150 -40.716201
v -12.925778 -12.894003 -39.639054
v -12.925778 -12.894003 -41.793351
v -12.925778 -11.816855 -40.716201
v -12.925778 -13.971150 40.716201
v -12.925778 -12.894003 41.793351
v -12.925778 -12.894003 39.639054
v -12.925778 -11.816855 40.716201
v -11.848630 -12.894003 -40.716201
v -11.848630 -12.894003 40.716201
v -11.137820 -20.909063 41.566935
v -11.137820 -20.909063 -41.566935
v -11.036568 -22.113313 41.188964
v -11.036568 -22.113313 -41.188964
v -10.872626 -20.164753 40.577357
v -10.872626 -20.164753 -40.577357
v -10.708802 -22.113313 39.965860
v -10.708802 -22.113313 -39.965860
v -10.607529 -20.909063 39.587888
v -10.607529 -20.909063 -39.587888
v -8.078611 0.570359 42.008780
v -8.078611 0.570359 40.393059
v -8.078611 0.570359 -40.393059
v -8.078611 0.570359 -42.008780
v -7.836253 -21.511189 40.748515
v -7.836253 -21.511189 39.181266
v -7.836253 -21.511189 -39.181266
v -7.836253 -21.511189 -40.748515
v -5.209056 -9.123973 -42.679626
v -5.209056 -8.046825 -42.679626
v -5.209056 -9.123973 42.679626
v -5.209056 -8.046825 42.679626
v -5.097970 -8.552007 42.726269
v -5.097970 -8.552007 -42.726269
v -4.795065 -9.503130 -41.134568
v -4.795065 -7.736606 -41.134568
v -4.795065 -9.503130 41.134568
v -4.795065 -7.736606 41.134568
v -4.777518 -8.552007 43.201400
v -4.777518 -8.552007 -43.201400
v -4.700201 -8.961323 42.803606
v -4.700201 -8.961323 -42.803606
v -4.700201 -8.142691 42.803606
v -4.700201 -8.142691 -42.803606
v -4.622872 -8.552007 42.405816
v -4.622872 -8.552007 -42.405816
v -4.302421 -8.552007 42.880946
v -4.302421 -8.552007 -42.880946
v -2.047443 -16.771736 43.294895
v -2.047443 -16.771736 41.695329
v -2.047443 -16.771736 -41.695329
v -2.047443 -16.771736 -43.294895
v -0.863765 -16.125447 41.908603
v -0.863765 -16.125447 -41.908603
v -0.863765 -3.738232 41.908603
v -0.863765 -3.738232 -41.908603
v -0.647824 -16.124908 43.508170
v -0.647824 -16.124908 -43.508170
v -0.647824 -4.076995 43.508170
v -0.647824 -4.076995 -43.508170
v -0.409316 -4.674274 -44.206161
v -0.409316 -4.674274 44.206161
v -0.000000 -20.909063 43.033256
v -0.000000 -22.113313 42.641926
v -0.000000 -20.164753 42.008780
v -0.000000 -22.113313 41.375630
v -0.000000 -20.909063 40.984304
v 0.000000 -21.511189 41.793351
v 0.000000 -21.511189 40.226099
v 0.000000 -21.511189 -40.226099
v 0.000000 -21.511189 -41.793351
v 0.000000 -16.771736 43.721444
v 0.000000 -16.771736 42.121882
v 0.000000 -16.771736 -42.121882
v 0.000000 -16.771736 -43.721444
v 0.000000 -16.125447 43.721444
v 0.000000 -16.125447 42.121882
v 0.000000 -16.125447 -42.121882
v 0.000000 -16.125447 -43.721444
v 0.000000 -9.503130 42.121882
v 0.000000 -9.503130 -42.121882
v 0.000000 -9.123973 43.721444
v 0.000000 -9.123973 -43.721444
v 0.000000 -8.046825 43.721444
v 0.000000 -8.046825 -43.721444
v 0.000000 -7.736606 42.121882
v 0.000000 -7.736606 -42.121882
v 0.000000 -5.083590 -44.206161
v 0.000000 -4.674274 -43.796847
v 0.000000 -4.674274 -44.615480
v 0.000000 -4.264957 -44.206161
v 0.000000 -3.953662 43.721444
v 0.000000 -3.953662 -43.721444
v 0.000000 -3.738232 42.121882
v 0.000000 -3.738232 -42.121882
v 0.000000 -1.583936 43.085927
v 0.000000 -1.583936 41.470205
v 0.000000 -1.583936 -41.470205
v 0.000000 -1.583936 -43.085927
v 0.000000 -20.909063 -40.984304
v 0.000000 -22.113313 -41.375630
v 0.000000 -20.164753 -42.008780
v 0.000000 -22.113313 -42.641926
v 0.000000 -20.909063 -43.033256
v 0.000000 -5.083590 44.206161
v 0.000000 -4.674274 44.615480
v 0.000000 -4.674274 43.796847
v 0.000000 -4.264957 44.206161
v 0.409316 -4.674274 -44.206161
v 0.409316 -4.674274 44.206161
v 0.647824 -16.124908 43.508170
v 0.647824 -16.124908 -43.508170
v 0.647824 -4.076995 43.508170
v 0.647824 -4.076995 -43.508170
v 0.863765 -16.125447 41.908603
v 0.863765 -16.125447 -41.908603
v 0.863765 -3.738232 41.908603
v 0.863765 -3.738232 -41.908603
v 2.047443 -16.771736 43.294895
v 2.047443 -16.771736 41.695329
v 2.047443 -16.771736 -41.695329
v 2.047443 -16.771736 -43.294895
v 4.345873 -8.552007 43.314068
v 4.345873 -8.552007 -43.314068
v 4.669578 -8.552007 42.834198
v 4.669578 -8.552007 -42.834198
v 4.747670 -8.961323 43.235973
v 4.747670 -8.961323 -43.235973
v 4.747670 -8.142691 43.235973
v 4.747670 -8.142691 -43.235973
v 4.795065 -9.503130 -41.134568
v 4.795065 -7.736606 -41.134568
v 4.795065 -9.503130 41.134568
v 4.795065 -7.736606 41.134568
v 4.825774 -8.552007 43.637752
v 4.825774 -8.552007 -43.637752
v 5.149469 -8.552007 43.157882
v 5.149469 -8.552007 -43.157882
v 5.209056 -9.123973 -42.679626
v 5.209056 -8.046825 -42.679626
v 5.209056 -9.123973 42.679626
v 5.209056 -8.046825 42.679626
v 7.836253 -21.511189 40.748515
v 7.836253 -21.511189 39.181266
v 7.836253 -21.511189 -39.181266
v 7.836253 -21.511189 -40.748515
v 8.078611 0.570359 42.008780
v 8.078611 0.570359 40.393059
v 8.078611 0.570359 -40.393059
v 8.078611 0.570359 -42.008780
v 10.607529 -20.909063 39.587888
v 10.607529 -20.909063 -39.587888
v 10.708802 -22.113313 39.965860
v 10.708802 -22.113313 -39.965860
v 10.872626 -20.164753 40.577357
v 10.872626 -20.164753 -40.577357
v 11.036568 -22.113313 41.188964
v 11.036568 -22.113313 -41.188964
v 11.137820 -20.909063 41.566935
v 11.137820 -20.909063 -41.566935
v 11.848630 -12.894003 -40.716201
v 11.848630 -12.894003 40.716201
v 12.925778 -13.971150 -40.716201
v 12.925778 -12.894003 -39.639054
v 12.925778 -12.894003 -41.793351
v 12.925778 -11.816855 -40.716201
v 12.925778 -13.971150 40.716201
v 12.925778 -12.894003 41.793351
v 12.925778 -12.894003 39.639054
v 12.925778 -11.816855 40.716201
v 14.002927 -12.894003 -40.716201
v 14.002927 -12.894003 40.716201
v 14.627672 -21.511189 38.658850
v 14.627672 -21.511189 37.091598
v 15.080075 5.956102 39.854483
v 15.080075 5.956102 38.238762
v 16.717340 -21.511189 -36.569182
v 16.717340 -21.511189 -38.136430
v 17.234372 5.956102 -37.700187
v 17.234372 5.956102 -39.315908
v 19.410211 19.420443 -39.391311
v 20.089461 -21.511189 -35.225762
v 20.461722 -21.511189 35.010870
v 20.465815 -6.431103 -38.023333
v 20.492206 -20.909063 35.493540
v 20.492206 -20.909063 -35.493540
v 20.509547 19.420443 37.550140
v 20.687815 -22.113313 35.832412
v 20.687815 -22.113313 -35.832412
v 20.896675 -21.511189 -36.569182
v 21.004390 -20.164753 36.380682
v 21.004390 -20.164753 -36.380682
v 21.221543 -21.511189 36.381649
v 21.224881 -6.431103 37.129835
v 21.320963 -22.113313 36.928948
v 21.320963 -22.113313 -36.928948
v 21.516574 -20.909063 37.267819
v 21.516574 -20.909063 -37.267819
v 21.542963 -7.508251 -38.023333
v 21.542963 -6.431103 -36.946182
v 21.542963 -6.431103 -39.100479
v 21.542963 -5.353954 -38.023333
v 21.554273 19.420443 41.449415
v 21.619118 -6.431103 38.601220
v 21.953465 19.959018 -38.494154
v 22.157691 -7.508251 37.668410
v 22.157691 -5.353954 37.668410
v 22.264654 16.727573 -39.391311
v 22.264654 19.420443 -36.536868
v 22.264654 19.420443 -42.245754
v 22.264654 22.113313 -39.391311
v 22.360196 19.959018 38.259335
v 22.620112 -6.431103 -38.023333
v 22.696266 -6.431103 36.735600
v 22.835541 19.959018 -39.962196
v 22.981494 16.727573 38.977362
v 22.981494 22.113313 38.977362
v 23.090503 -6.431103 38.206985
v 23.190461 19.959018 39.757216
v 23.311211 -21.511189 32.762217
v 24.032145 5.956102 33.775491
v 24.408716 19.420443 36.505412
v 24.668417 -21.511189 33.545841
v 24.808446 -21.511189 -31.213708
v 25.119096 19.420443 -39.391311
v 25.431362 5.956102 34.583350
v 25.453550 19.420443 40.404583
v 25.575698 5.956102 -32.179155
v 26.165760 -21.511189 -31.997334
v 26.974915 5.956102 -32.987018
v 27.865500 -12.894003 31.013573
v 27.865500 -12.894003 -31.013573
v 28.259845 -12.894003 32.484958
v 28.259845 -12.894003 -32.484958
v 28.798418 -13.971150 -31.552148
v 28.798418 -11.816855 -31.552148
v 28.798418 -13.971150 31.552148
v 28.798418 -11.816855 31.552148
v 28.980349 -20.909063 28.980349
v 28.980349 -20.909063 -28.980349
v 29.256960 -22.113313 29.256960
v 29.256960 -22.113313 -29.256960
v 29.336993 -12.894003 30.619338
v 29.336993 -12.894003 -30.619338
v 29.704732 -20.164753 29.704732
v 29.704732 -20.164753 -29.704732
v 29.731230 -12.894003 32.090721
v 29.731230 -12.894003 -32.090721
v 30.013872 -21.511189 26.376990
v 30.013872 -21.511189 -26.376990
v 30.152394 -22.113313 30.152394
v 30.152394 -22.113313 -30.152394
v 30.429113 -20.909063 30.429113
v 30.429113 -20.909063 -30.429113
v 30.942159 0.570359 27.192822
v 30.942159 0.570359 -27.192822
v 31.371080 -21.511189 27.160614
v 31.371080 -21.511189 -27.160614
v 32.341374 0.570359 28.000683
v 32.341374 0.570359 -28.000683
v 33.226036 -9.503130 24.719904
v 33.226036 -9.503130 -24.719904
v 33.226036 -7.736606 24.719904
v 33.226036 -7.736606 -24.719904
v 34.357042 -9.123973 25.851017
v 34.357042 -9.123973 -25.851017
v 34.357042 -8.046825 25.851017
v 34.357042 -8.046825 -25.851017
v 34.760651 -8.552007 25.461090
v 34.760651 -8.552007 -25.461090
v 34.801042 -8.552007 26.038442
v 34.801042 -8.552007 -26.038442
v 34.836804 -21.511189 20.113049
v 34.836804 -21.511189 -20.113049
v 35.069576 -8.961323 25.729623
v 35.069576 -8.961323 -25.729623
v 35.069576 -8.142691 25.729623
v 35.069576 -8.142691 -25.729623
v 35.085518 -16.771736 22.620758
v 35.085518 -16.771736 -22.620758
v 35.338109 -8.552007 25.420698
v 35.338109 -8.552007 -25.420698
v 35.378501 -8.552007 25.998156
v 35.378501 -8.552007 -25.998156
v 35.493540 -20.909063 20.492206
v 35.493540 -20.909063 -20.492206
v 35.832412 -22.113313 20.687815
v 35.832412 -22.113313 -20.687815
v 35.862034 -16.125447 21.702381
v 35.862034 -16.125447 -21.702381
v 35.862034 -3.738232 21.702381
v 35.862034 -3.738232 -21.702381
v 35.914275 -1.583936 20.735102
v 35.914275 -1.583936 -20.735102
v 36.194120 -21.511189 20.896675
v 36.194120 -21.511189 -20.896675
v 36.380682 -20.164753 21.004390
v 36.380682 -20.164753 -21.004390
v 36.470731 -16.771736 23.420541
v 36.470731 -16.771736 -23.420541
v 36.478592 -16.125447 21.060941
v 36.478592 -16.125447 -21.060941
v 36.478592 -9.503130 21.060941
v 36.478592 -9.503130 -21.060941
v 36.478592 -7.736606 21.060941
v 36.478592 -7.736606 -21.060941
v 36.478592 -3.738232 21.060941
v 36.478592 -3.738232 -21.060941
v 36.478592 -16.771736 21.060941
v 36.478592 -16.771736 -21.060941
v 36.725797 -16.125447 20.206222
v 36.725797 -16.125447 -20.206222
v 36.725797 -3.738232 20.206222
v 36.725797 -3.738232 -20.206222
v 36.928948 -22.113313 21.320963
v 36.928948 -22.113313 -21.320963
v 37.132961 -16.771736 19.074571
v 37.132961 -16.771736 -19.074571
v 37.267819 -20.909063 21.516574
v 37.267819 -20.909063 -21.516574
v 37.313492 -1.583936 21.542963
v 37.313492 -1.583936 -21.542963
v 37.355284 -16.124908 22.315171
v 37.355284 -16.124908 -22.315171
v 37.355284 -4.076995 22.315171
v 37.355284 -4.076995 -22.315171
v 37.850125 -21.511189 12.804276
v 37.850125 -21.511189 -12.804276
v 37.863912 -16.771736 21.860722
v 37.863912 -16.771736 -21.860722
v 37.863912 -16.125447 21.860722
v 37.863912 -16.125447 -21.860722
v 37.863912 -9.123973 21.860722
v 37.863912 -9.123973 -21.860722
v 37.863912 -8.046825 21.860722
v 37.863912 -8.046825 -21.860722
v 37.863912 -3.953662 21.860722
v 37.863912 -3.953662 -21.860722
v 37.929187 -4.674274 21.898423
v 37.929187 -4.674274 -21.898423
v 38.003081 -16.124908 21.193107
v 38.003081 -16.124908 -21.193107
v 38.003081 -4.076995 21.193107
v 38.003081 -4.076995 -21.193107
v 38.021069 -9.503130 16.414662
v 38.021069 -9.503130 -16.414662
v 38.021069 -7.736606 16.414662
v 38.021069 -7.736606 -16.414662
v 38.079021 -4.674274 22.457570
v 38.079021 -4.674274 -22.457570
v 38.283676 -5.083590 -22.103081
v 38.283676 -4.264957 -22.103081
v 38.283676 -5.083590 22.103081
v 38.283676 -4.264957 22.103081
v 38.488335 -4.674274 21.748592
v 38.488335 -4.674274 -21.748592
v 38.518174 -16.771736 19.874354
v 38.518174 -16.771736 -19.874354
v 38.638169 -4.674274 22.307740
v 38.638169 -4.674274 -22.307740
v 39.020771 0.570359 13.200235
v 39.020771 0.570359 -13.200235
v 39.035959 -8.552007 17.199363
v 39.035959 -8.552007 -17.199363
v 39.207333 -21.511189 13.587901
v 39.207333 -21.511189 -13.587901
v 39.287149 -8.552007 17.714456
v 39.287149 -8.552007 -17.714456
v 39.419099 -8.961323 17.331314
v 39.419099 -8.961323 -17.331314
v 39.419099 -8.142691 17.331314
v 39.419099 -8.142691 -17.331314
v 39.436120 -21.511189 5.877869
v 39.551052 -8.552007 16.948173
v 39.551052 -8.552007 -16.948173
v 39.566132 -9.123973 16.828610
v 39.566132 -9.123973 -16.828610
v 39.566132 -8.046825 16.828610
v 39.566132 -8.046825 -16.828610
v 39.587888 -20.909063 10.607529
v 39.587888 -20.909063 -10.607529
v 39.802242 -8.552007 17.463266
v 39.802242 -8.552007 -17.463266
v 39.965860 -22.113313 10.708802
v 39.965860 -22.113313 -10.708802
v 40.028550 -21.511189 -3.806954
v 40.419984 0.570359 14.008097
v 40.419984 0.570359 -14.008097
v 40.551183 -21.511189 -0.214891
v 40.577357 -20.164753 10.872626
v 40.577357 -20.164753 -10.872626
v 40.655773 5.956102 6.059648
v 40.791278 -12.894003 -8.625479
v 40.791278 -12.894003 8.625479
v 40.793433 -21.511189 6.661483
v 40.984304 -20.909063 0.000000
v 41.185621 -12.894003 -10.096885
v 41.185621 -12.894003 10.096885
v 41.188964 -22.113313 11.036568
v 41.188964 -22.113313 -11.036568
v 41.266517 5.956102 -3.924686
v 41.375630 -22.113313 0.000000
v 41.385758 -21.511189 -4.590569
v 41.566935 -20.909063 11.137820
v 41.566935 -20.909063 -11.137820
v 41.724196 -13.971150 9.164053
v 41.724196 -13.971150 -9.164053
v 41.724196 -11.816855 9.164053
v 41.724196 -11.816855 -9.164053
v 42.008780 -20.164753 0.000000
v 42.054990 5.956102 6.867509
v 42.118218 -21.511189 -0.187540
v 42.262771 -12.894003 8.231211
v 42.262771 -12.894003 -8.231211
v 42.641926 -22.113313 0.000000
v 42.657006 -12.894003 -9.702627
v 42.657006 -12.894003 9.702627
v 42.665734 5.956102 -4.732548
v 42.767845 -6.431103 0.183660
v 42.774201 19.420443 1.013322
v 43.033256 -20.909063 0.000000
v 43.162083 -6.431103 -1.287752
v 43.700655 -7.508251 -0.354913
v 43.700655 -5.353954 -0.354913
v 43.819033 19.420443 -2.885917
v 44.239230 -6.431103 0.577924
v 44.313661 19.959018 -0.234830
v 44.633464 -6.431103 -0.893488
v 45.246254 16.727573 -0.413899
v 45.246254 22.113313 -0.413899
v 46.026004 19.959018 -0.204940
v 46.673371 19.420443 2.058118
v 47.718204 19.420443 -1.841116
vn 1.000000 -0.000000 0.000001
vn -0.000000 1.000000 0.000001
vn -0.000000 -0.000000 1.000000
vn 1.000000 -0.000000 0.000001
vn -0.000000 -0.000000 1.000000
vn -0.000000 -1.000000 0.000001
vn -0.000000 -0.000000 1.000000
vn -1.000000 -0.000000 0.000001
vn -0.000000 -1.000000 0.000001
vn -0.000000 1.000000 0.000001
vn -1.000000 -0.000000 0.000001
vn -0.000000 -0.000000 1.000000
vn -0.000000 1.000000 0.000001
vn 1.000000 -0.000000 0.000001
vn -0.000000 -0.000000 -1.000000
vn -0.000000 -0.000000 -1.000000
vn 1.000000 -0.000000 0.000001
vn -0.000000 -1.000000 0.000001
vn -1.000000 -0.000000 0.000001
vn -0.000000 -0.000000 -1.000000
vn -0.000000 -1.000000 0.000001
vn -1.000000 -0.000000 0.000001
vn -0.000000 1.000000 0.000001
vn -0.000000 -0.000000 -1.000000
vn 0.500000 -0.000000 0.866026
vn -0.000000 1.000000 0.000000
vn -0.866026 -0.000000 0.500000
vn 0.500000 -0.000000 0.866026
vn -0.866026 -0.000000 0.500000
vn -0.000000 -1.000000 0.000000
vn -0.866026 -0.000000 0.500000
vn -0.500000 -0.000000 -0.866025
vn -0.000000 -1.000000 0.000000
vn -0.000000 1.000000 0.000000
vn -0.500000 -0.000000 -0.866025
vn -0.866026 -0.000000 0.500000
vn -0.000000 1.000000 0.000000
vn 0.500000 -0.000000 0.866026
vn 0.866026 -0.000000 -0.500000
vn 0.866026 -0.000000 -0.500000
vn 0.500000 -0.000000 0.866026
vn -0.000000 -1.000000 0.000000
vn -0.500000 -0.000000 -0.866025
vn 0.866026 -0.000000 -0.500000
vn -0.000000 -1.000000 0.000000
vn -0.500000 -0.000000 -0.866025
vn -0.000000 1.000000 0.000000
vn 0.866026 -0.000000 -0.500000
vn -0.500001 -0.000000 0.866025
vn -0.000001 1.000000 -0.000000
vn -0.866025 -0.000000 -0.500000
vn -0.500001 -0.000000 0.866025
vn -0.866025 -0.000000 -0.500000
vn -0.000001 -1.000000 -0.000000
vn -0.866025 -0.000000 -0.500000
vn 0.500000 -0.000000 -0.866026
vn -0.000001 -1.000000 -0.000000
vn -0.000001 1.000000 -0.000000
vn 0.500000 -0.000000 -0.866026
vn -0.866025 -0.000000 -0.500000
vn -0.000001 1.000000 -0.000000
vn -0.500001 -0.000000 0.866025
vn 0.866025 -0.000000 0.500000
vn 0.866025 -0.000000 0.500000
vn -0.500001 -0.000000 0.866025
vn -0.000001 -1.000000 -0.000000
vn 0.500000 -0.000000 -0.866026
vn 0.866025 -0.000000 0.500000
vn -0.000001 -1.000000 -0.000000
vn 0.500000 -0.000000 -0.866026
vn -0.000001 1.000000 -0.000000
vn 0.866025 -0.000000 0.500000
vn -1.000000 -0.000000 -0.000001
vn 0.000000 1.000000 -0.000001
vn 0.000000 -0.000000 -1.000000
vn -1.000000 -0.000000 -0.000001
vn 0.000000 -0.000000 -1.000000
vn 0.000000 -1.000000 -0.000001
vn 0.000000 -0.000000 -1.000000
vn 1.000000 -0.000000 -0.000001
vn 0.000000 -1.000000 -0.000001
vn 0.000000 1.000000 -0.000001
vn 1.000000 -0.000000 -0.000001
vn 0.000000 -0.000000 -1.000000
vn 0.000000 1.000000 -0.000001
vn -1.000000 -0.000000 -0.000001
vn 0.000000 -0.000000 1.000000
vn 0.000000 -0.000000 1.000000
vn -1.000000 -0.000000 -0.000001
vn 0.000000 -1.000000 -0.000001
vn 1.000000 -0.000000 -0.000001
vn 0.000000 -0.000000 1.000000
vn 0.000000 -1.000000 -0.000001
vn 1.000000 -0.000000 -0.000001
vn 0.000000 1.000000 -0.000001
vn 0.000000 -0.000000 1.000000
vn -0.500000 -0.000000 -0.866026
vn 0.000000 1.000000 -0.000000
vn 0.866026 -0.000000 -0.500000
vn -0.500000 -0.000000 -0.866026
vn 0.866026 -0.000000 -0.500000
vn 0.000000 -1.000000 -0.000000
vn 0.866026 -0.000000 -0.500000
vn 0.500000 -0.000000 0.866025
vn 0.000000 -1.000000 -0.000000
vn 0.000000 1.000000 -0.000000
vn 0.500000 -0.000000 0.866025
vn 0.866026 -0.000000 -0.500000
vn 0.000000 1.000000 -0.000000
vn -0.500000 -0.000000 -0.866026
vn -0.866026 -0.000000 0.500000
vn -0.866026 -0.000000 0.500000
vn -0.500000 -0.000000 -0.866026
vn 0.000000 -1.000000 -0.000000
vn 0.500000 -0.000000 0.866025
vn -0.866026 -0.000000 0.500000
vn 0.000000 -1.000000 -0.000000
vn 0.500000 -0.000000 0.866025
vn 0.000000 1.000000 -0.000000
vn -0.866026 -0.000000 0.500000
vn 0.500001 -0.000000 -0.866025
vn 0.000001 1.000000 0.000000
vn 0.866025 -0.000000 0.500000
vn 0.500001 -0.000000 -0.866025
vn 0.866025 -0.000000 0.500000
vn 0.000001 -1.000000 0.000000
vn 0.866025 -0.000000 0.500000
vn -0.500000 -0.000000 0.866026
vn 0.000001 -1.000000 0.000000
vn 0.000001 1.000000 0.000000
vn -0.500000 -0.000000 0.866026
vn 0.866025 -0.000000 0.500000
vn 0.000001 1.000000 0.000000
vn 0.500001 -0.000000 -0.866025
vn -0.866025 -0.000000 -0.500000
vn -0.866025 -0.000000 -0.500000
vn 0.500001 -0.000000 -0.866025
vn 0.000001 -1.000000 0.000000
vn -0.500000 -0.000000 0.866026
vn -0.866025 -0.000000 -0.500000
vn 0.000001 -1.000000 0.000000
vn -0.500000 -0.000000 0.866026
vn 0.000001 1.000000 0.000000
vn -0.866025 -0.000000 -0.500000
vn 1.000000 0.000001 0.000001
vn 0.000000 1.000000 0.000001
vn 0.000000 0.000001 1.000000
vn 1.000000 0.000001 0.000001
vn 0.000000 0.000001 1.000000
vn 0.000000 -1.000000 0.000001
vn 0.000000 0.000001 1.000000
vn -1.000000 0.000001 0.000001
vn 0.000000 -1.000000 0.000001
vn 0.000000 1.000000 0.000001
vn -1.000000 0.000001 0.000001
vn 0.000000 0.000001 1.000000
vn 0.000000 1.000000 0.000001
vn 1.000000 0.000001 0.000001
vn 0.000000 0.000001 -1.000000
vn 0.000000 0.000001 -1.000000
vn 1.000000 0.000001 0.000001
vn 0.000000 -1.000000 0.000001
vn -1.000000 0.000001 0.000001
vn 0.000000 0.000001 -1.000000
vn 0.000000 -1.000000 0.000001
vn -1.000000 0.000001 0.000001
vn 0.000000 1.000000 0.000001
vn 0.000000 0.000001 -1.000000
vn 1.000000 0.000000 0.000001
vn 0.000000 1.000000 0.000001
vn 0.000000 0.000000 1.000000
vn 1.000000 0.000000 0.000001
vn 0.000000 0.000000 1.000000
vn 0.000000 -1.000000 0.000001
vn 0.000000 0.000000 1.000000
vn -1.000000 0.000000 0.000001
vn 0.000000 -1.000000 0.000001
vn 0.000000 1.000000 0.000001
vn -1.000000 0.000000 0.000001
vn 0.000000 0.000000 1.000000
vn 0.000000 1.000000 0.000001
vn 1.000000 0.000000 0.000001
vn 0.000000 0.000000 -1.000000
vn 0.000000 0.000000 -1.000000
vn 1.000000 0.000000 0.000001
vn 0.000000 -1.000000 0.000001
vn -1.000000 0.000000 0.000001
vn 0.000000 0.000000 -1.000000
vn 0.000000 -1.000000 0.000001
vn -1.000000 0.000000 0.000001
vn 0.000000 1.000000 0.000001
vn 0.000000 0.000000 -1.000000
vn 1.000000 0.000001 0.000001
vn 0.000000 1.000000 0.000001
vn 0.000000 0.000001 1.000000
vn 1.000000 0.000001 0.000001
vn 0.000000 0.000001 1.000000
vn 0.000000 -1.000000 0.000001
vn 0.000000 0.000001 1.000000
vn -1.000000 0.000001 0.000001
vn 0.000000 -1.000000 0.000001
vn 0.000000 1.000000 0.000001
vn -1.000000 0.000001 0.000001
vn 0.000000 0.000001 1.000000
vn 0.000000 1.000000 0.000001
vn 1.000000 0.000001 0.000001
vn 0.000000 0.000001 -1.000000
vn 0.000000 0.000001 -1.000000
vn 1.000000 0.000001 0.000001
vn 0.000000 -1.000000 0.000001
vn -1.000000 0.000001 0.000001
vn 0.000000 0.000001 -1.000000
vn 0.000000 -1.000000 0.000001
vn -1.000000 0.000001 0.000001
vn 0.000000 1.000000 0.000001
vn 0.000000 0.000001 -1.000000
vn 0.499999 0.000000 0.866026
vn -0.000001 1.000000 0.000000
vn -0.866026 -0.000000 0.500000
vn 0.499999 0.000000 0.866026
vn -0.866026 -0.000000 0.500000
vn -0.000001 -1.000000 0.000000
vn -0.866026 -0.000000 0.500000
vn -0.500001 0.000000 -0.866025
vn -0.000001 -1.000000 0.000000
vn -0.000001 1.000000 0.000000
vn -0.500001 0.000000 -0.866025
vn -0.866026 -0.000000 0.500000
vn -0.000001 1.000000 0.000000
vn 0.499999 0.000000 0.866026
vn 0.866025 0.000000 -0.500000
vn 0.866025 0.000000 -0.500000
vn 0.499999 0.000000 0.866026
vn -0.000001 -1.000000 0.000000
vn -0.500001 0.000000 -0.866025
vn 0.866025 0.000000 -0.500000
vn -0.000001 -1.000000 0.000000
vn -0.500001 0.000000 -0.866025
vn -0.000001 1.000000 0.000000
vn 0.866025 0.000000 -0.500000
vn 0.500000 0.000000 0.866025
vn -0.000000 1.000000 -0.000000
vn -0.866025 0.000000 0.500000
vn 0.500000 0.000000 0.866025
vn -0.866025 0.000000 0.500000
vn -0.000000 -1.000000 -0.000000
vn -0.866025 0.000000 0.500000
vn -0.500001 0.000000 -0.866025
vn -0.000000 -1.000000 -0.000000
vn -0.000000 1.000000 -0.000000
vn -0.500001 0.000000 -0.866025
vn -0.866025 0.000000 0.500000
vn -0.000000 1.000000 -0.000000
vn 0.500000 0.000000 0.866025
vn 0.866025 0.000000 -0.500001
vn 0.866025 0.000000 -0.500001
vn 0.500000 0.000000 0.866025
vn -0.000000 -1.000000 -0.000000
vn -0.500001 0.000000 -0.866025
vn 0.866025 0.000000 -0.500001
vn -0.000000 -1.000000 -0.000000
vn -0.500001 0.000000 -0.866025
vn -0.000000 1.000000 -0.000000
vn 0.866025 0.000000 -0.500001
vn 0.500000 0.000000 0.866026
vn -0.000000 1.000000 0.000000
vn -0.866025 0.000000 0.500000
vn 0.500000 0.000000 0.866026
vn -0.866025 0.000000 0.500000
vn -0.000000 -1.000000 0.000000
vn -0.866025 0.000000 0.500000
vn -0.500000 0.000000 -0.866025
vn -0.000000 -1.000000 0.000000
vn -0.000000 1.000000 0.000000
vn -0.500000 0.000000 -0.866025
vn -0.866025 0.000000 0.500000
vn -0.000000 1.000000 0.000000
vn 0.500000 0.000000 0.866026
vn 0.866025 -0.000000 -0.500001
vn 0.866025 -0.000000 -0.500001
vn 0.500000 0.000000 0.866026
vn -0.000000 -1.000000 0.000000
vn -0.500000 0.000000 -0.866025
vn 0.866025 -0.000000 -0.500001
vn -0.000000 -1.000000 0.000000
vn -0.500000 0.000000 -0.866025
vn -0.000000 1.000000 0.000000
vn 0.866025 -0.000000 -0.500001
vn -0.500001 0.000000 0.866025
vn -0.000002 1.000000 -0.000001
vn -0.866026 0.000000 -0.499999
vn -0.500001 0.000000 0.866025
vn -0.866026 0.000000 -0.499999
vn -0.000002 -1.000000 -0.000001
vn -0.866026 0.000000 -0.499999
vn 0.499998 -0.000000 -0.866027
vn -0.000002 -1.000000 -0.000001
vn -0.000002 1.000000 -0.000001
vn 0.499998 -0.000000 -0.866027
vn -0.866026 0.000000 -0.499999
vn -0.000002 1.000000 -0.000001
vn -0.500001 0.000000 0.866025
vn 0.866026 -0.000000 0.500000
vn 0.866026 -0.000000 0.500000
vn -0.500001 0.000000 0.866025
vn -0.000002 -1.000000 -0.000001
vn 0.499998 -0.000000 -0.866027
vn 0.866026 -0.000000 0.500000
vn -0.000002 -1.000000 -0.000001
vn 0.499998 -0.000000 -0.866027
vn -0.000002 1.000000 -0.000001
vn 0.866026 -0.000000 0.500000
vn -0.500000 0.000000 0.866025
vn -0.000001 1.000000 -0.000000
vn -0.866026 0.000000 -0.500000
vn -0.500000 0.000000 0.866025
vn -0.866026 0.000000 -0.500000
vn -0.000001 -1.000000 -0.000000
vn -0.866026 0.000000 -0.500000
vn 0.499999 0.000000 -0.866026
vn -0.000001 -1.000000 -0.000000
vn -0.000001 1.000000 -0.000000
vn 0.499999 0.000000 -0.866026
vn -0.866026 0.000000 -0.500000
vn -0.000001 1.000000 -0.000000
vn -0.500000 0.000000 0.866025
vn 0.866025 0.000000 0.500000
vn 0.866025 0.000000 0.500000
vn -0.500000 0.000000 0.866025
vn -0.000001 -1.000000 -0.000000
vn 0.499999 0.000000 -0.866026
vn 0.866025 0.000000 0.500000
vn -0.000001 -1.000000 -0.000000
vn 0.499999 0.000000 -0.866026
vn -0.000001 1.000000 -0.000000
vn 0.866025 0.000000 0.500000
vn -0.500000 0.000000 0.866025
vn -0.000000 1.000000 -0.000000
vn -0.866025 0.000000 -0.500000
vn -0.500000 0.000000 0.866025
vn -0.866025 0.000000 -0.500000
vn -0.000000 -1.000000 -0.000000
vn -0.866025 0.000000 -0.500000
vn 0.499999 0.000000 -0.866026
vn -0.000000 -1.000000 -0.000000
vn -0.000000 1.000000 -0.000000
vn 0.499999 0.000000 -0.866026
vn -0.866025 0.000000 -0.500000
vn -0.000000 1.000000 -0.000000
vn -0.500000 0.000000 0.866025
vn 0.866025 0.000000 0.500000
vn 0.866025 0.000000 0.500000
vn -0.500000 0.000000 0.866025
vn -0.000000 -1.000000 -0.000000
vn 0.499999 0.000000 -0.866026
vn 0.866025 0.000000 0.500000
vn -0.000000 -1.000000 -0.000000
vn 0.499999 0.000000 -0.866026
vn -0.000000 1.000000 -0.000000
vn 0.866025 0.000000 0.500000
vn -1.000000 0.000000 -0.000001
vn 0.000000 1.000000 -0.000001
vn 0.000000 0.000000 -1.000000
vn -1.000000 0.000000 -0.000001
vn 0.000000 0.000000 -1.000000
vn 0.000000 -1.000000 -0.000001
vn 0.000000 0.000000 -1.000000
vn 1.000000 0.000000 -0.000001
vn 0.000000 -1.000000 -0.000001
vn 0.000000 1.000000 -0.000001
vn 1.000000 0.000000 -0.000001
vn 0.000000 0.000000 -1.000000
vn 0.000000 1.000000 -0.000001
vn -1.000000 0.000000 -0.000001
vn 0.000000 0.000000 1.000000
vn 0.000000 0.000000 1.000000
vn -1.000000 0.000000 -0.000001
vn 0.000000 -1.000000 -0.000001
vn 1.000000 0.000000 -0.000001
vn 0.000000 0.000000 1.000000
vn 0.000000 -1.000000 -0.000001
vn 1.000000 0.000000 -0.000001
vn 0.000000 1.000000 -0.000001
vn 0.000000 0.000000 1.000000
vn -1.000000 0.000000 -0.000001
vn 0.000000 1.000000 -0.000001
vn 0.000000 0.000000 -1.000000
vn -1.000000 0.000000 -0.000001
vn 0.000000 0.000000 -1.000000
vn 0.000000 -1.000000 -0.000001
vn 0.000000 0.000000 -1.000000
vn 1.000000 0.000000 -0.000001
vn 0.000000 -1.000000 -0.000001
vn 0.000000 1.000000 -0.000001
vn 1.000000 0.000000 -0.000001
vn 0.000000 0.000000 -1.000000
vn 0.000000 1.000000 -0.000001
vn -1.000000 0.000000 -0.000001
vn 0.000000 0.000000 1.000000
vn 0.000000 0.000000 1.000000
vn -1.000000 0.000000 -0.000001
vn 0.000000 -1.000000 -0.000001
vn 1.000000 0.000000 -0.000001
vn 0.000000 0.000000 1.000000
vn 0.000000 -1.000000 -0.000001
vn 1.000000 0.000000 -0.000001
vn 0.000000 1.000000 -0.000001
vn 0.000000 0.000000 1.000000
vn -1.000000 0.000000 -0.000001
vn 0.000000 1.000000 -0.000001
vn 0.000000 0.000000 -1.000000
vn -1.000000 0.000000 -0.000001
vn 0.000000 0.000000 -1.000000
vn 0.000000 -1.000000 -0.000001
vn 0.000000 0.000000 -1.000000
vn 1.000000 0.000000 -0.000001
vn 0.000000 -1.000000 -0.000001
vn 0.000000 1.000000 -0.000001
vn 1.000000 0.000000 -0.000001
vn 0.000000 0.000000 -1.000000
vn 0.000000 1.000000 -0.000001
vn -1.000000 0.000000 -0.000001
vn 0.000000 0.000000 1.000000
vn 0.000000 0.000000 1.000000
vn -1.000000 0.000000 -0.000001
vn 0.000000 -1.000000 -0.000001
vn 1.000000 0.000000 -0.000001
vn 0.000000 0.000000 1.000000
vn 0.000000 -1.000000 -0.000001
vn 1.000000 0.000000 -0.000001
vn 0.000000 1.000000 -0.000001
vn 0.000000 0.000000 1.000000
vn -0.499999 0.000000 -0.866026
vn 0.000001 1.000000 -0.000000
vn 0.866026 -0.000000 -0.500000
vn -0.499999 0.000000 -0.866026
vn 0.866026 -0.000000 -0.500000
vn 0.000001 -1.000000 -0.000000
vn 0.866026 -0.000000 -0.500000
vn 0.500001 0.000000 0.866025
vn 0.000001 -1.000000 -0.000000
vn 0.000001 1.000000 -0.000000
vn 0.500001 0.000000 0.866025
vn 0.866026 -0.000000 -0.500000
vn 0.000001 1.000000 -0.000000
vn -0.499999 0.000000 -0.866026
vn -0.866025 0.000000 0.500000
vn -0.866025 0.000000 0.500000
vn -0.499999 0.000000 -0.866026
vn 0.000001 -1.000000 -0.000000
vn 0.500001 0.000000 0.866025
vn -0.866025 0.000000 0.500000
vn 0.000001 -1.000000 -0.000000
vn 0.500001 0.000000 0.866025
vn 0.000001 1.000000 -0.000000
vn -0.866025 0.000000 0.500000
vn -0.500000 0.000000 -0.866025
vn 0.000000 1.000000 0.000000
vn 0.866025 0.000000 -0.500000
vn -0.500000 0.000000 -0.866025
vn 0.866025 0.000000 -0.500000
vn 0.000000 -1.000000 0.000000
vn 0.866025 0.000000 -0.500000
vn 0.500001 0.000000 0.866025
vn 0.000000 -1.000000 0.000000
vn 0.000000 1.000000 0.000000
vn 0.500001 0.000000 0.866025
vn 0.866025 0.000000 -0.500000
vn 0.000000 1.000000 0.000000
vn -0.500000 0.000000 -0.866025
vn -0.866025 0.000000 0.500001
vn -0.866025 0.000000 0.500001
vn -0.500000 0.000000 -0.866025
vn 0.000000 -1.000000 0.000000
vn 0.500001 0.000000 0.866025
vn -0.866025 0.000000 0.500001
vn 0.000000 -1.000000 0.000000
vn 0.500001 0.000000 0.866025
vn 0.000000 1.000000 0.000000
vn -0.866025 0.000000 0.500001
vn -0.500000 0.000000 -0.866026
vn 0.000000 1.000000 -0.000000
vn 0.866025 0.000000 -0.500000
vn -0.500000 0.000000 -0.866026
vn 0.866025 0.000000 -0.500000
vn 0.000000 -1.000000 -0.000000
vn 0.866025 0.000000 -0.500000
vn 0.500000 0.000000 0.866025
vn 0.000000 -1.000000 -0.000000
vn 0.000000 1.000000 -0.000000
vn 0.500000 0.000000 0.866025
vn 0.866025 0.000000 -0.500000
vn 0.000000 1.000000 -0.000000
vn -0.500000 0.000000 -0.866026
vn -0.866025 -0.000000 0.500001
vn -0.866025 -0.000000 0.500001
vn -0.500000 0.000000 -0.866026
vn 0.000000 -1.000000 -0.000000
vn 0.500000 0.000000 0.866025
vn -0.866025 -0.000000 0.500001
vn 0.000000 -1.000000 -0.000000
vn 0.500000 0.000000 0.866025
vn 0.000000 1.000000 -0.000000
vn -0.866025 -0.000000 0.500001
vn 0.500001 0.000000 -0.866025
vn 0.000002 1.000000 0.000001
vn 0.866026 0.000000 0.499999
vn 0.500001 0.000000 -0.866025
vn 0.866026 0.000000 0.499999
vn 0.000002 -1.000000 0.000001
vn 0.866026 0.000000 0.499999
vn -0.499998 -0.000000 0.866027
vn 0.000002 -1.000000 0.000001
vn 0.000002 1.000000 0.000001
vn -0.499998 -0.000000 0.866027
vn 0.866026 0.000000 0.499999
vn 0.000002 1.000000 0.000001
vn 0.500001 0.000000 -0.866025
vn -0.866026 -0.000000 -0.500000
vn -0.866026 -0.000000 -0.500000
vn 0.500001 0.000000 -0.866025
vn 0.000002 -1.000000 0.000001
vn -0.499998 -0.000000 0.866027
vn -0.866026 -0.000000 -0.500000
vn 0.000002 -1.000000 0.000001
vn -0.499998 -0.000000 0.866027
vn 0.000002 1.000000 0.000001
vn -0.866026 -0.000000 -0.500000
vn 0.500000 0.000000 -0.866025
vn 0.000001 1.000000 0.000000
vn 0.866026 0.000000 0.500000
vn 0.500000 0.000000 -0.866025
vn 0.866026 0.000000 0.500000
vn 0.000001 -1.000000 0.000000
vn 0.866026 0.000000 0.500000
vn -0.499999 0.000000 0.866026
vn 0.000001 -1.000000 0.000000
vn 0.000001 1.000000 0.000000
